[[ 8.60328060e-03  2.10156257e-02  6.72404345e-03 -1.35562077e-02
   2.01108606e-02 -3.67950903e-03  1.38904593e-03 -1.01540684e-02
   7.70190928e-03 -2.25328702e-03]
 [ 2.44097624e-03 -1.13879763e-04  2.04903582e-02 -1.01191167e-03
   6.81471721e-03  7.02641886e-04  6.46741174e-03  1.11533162e-02
   5.16089762e-04 -2.38459958e-02]
 [ 2.93858248e-03 -6.84238532e-03  1.70049927e-02  1.57321636e-02
   1.92762256e-02 -5.47771545e-03  1.77446710e-02  3.33305984e-03
  -2.19224426e-03 -7.03164026e-04]
 [ 9.72716637e-03  2.80989575e-04  1.60729617e-02 -1.54282834e-02
  -1.63969693e-03 -7.25567093e-03 -2.65253359e-02 -2.04984166e-03
   1.05634603e-02  1.23108097e-02]
 [ 1.05489321e-02 -4.31227163e-03 -1.98477607e-02  3.21279502e-02
   6.17897680e-03  1.93323304e-04 -5.26841249e-03  4.07938958e-03
  -1.38486038e-02  5.55941634e-03]
 [-2.36294352e-02 -3.51221011e-03 -9.64613709e-03 -1.29085313e-03
  -3.43168236e-05  1.22160616e-02  1.09653159e-02 -2.36680254e-02
   8.94958333e-03  2.54236038e-03]
 [ 1.01471330e-03 -1.17535590e-02  6.66119040e-03  1.45852778e-02
  -9.33576783e-03 -1.17222734e-02  2.75243808e-03 -3.30383793e-03
  -1.69711259e-03 -1.51013956e-03]
 [ 2.63471340e-03  2.25560549e-02  4.14671794e-03 -8.22892784e-03
  -5.39111759e-03 -1.53023820e-02 -4.06593605e-03 -1.13154571e-02
   5.31858280e-03  9.70357810e-03]
 [-1.85244816e-03  8.38448149e-04  2.02271606e-02  3.70082077e-03
   2.81857116e-03  6.07148512e-03  1.27493152e-02 -3.06745583e-03
   3.94198269e-03  2.65594567e-04]
 [-8.34390163e-03  5.19990295e-03 -9.37972589e-03 -4.56419162e-03
   7.91268787e-03 -1.71428575e-02  8.49759886e-04  1.65945137e-03
  -7.97744839e-03  1.07381027e-02]
 [-9.73511427e-03 -9.87677099e-04  8.32279923e-03 -1.84450634e-02
  -2.13788155e-02  7.11819664e-03  1.80286579e-03 -8.49026472e-03
   9.39039499e-03 -5.05491843e-04]
 [-6.98636921e-03 -6.58749543e-03  8.38157384e-03 -1.42443024e-03
   1.73262979e-03  4.94593170e-03 -1.83119748e-02  3.81305972e-03
   1.14043113e-02 -1.75201791e-02]
 [-7.26495067e-03  6.97384730e-03  5.55410341e-04 -7.07804914e-03
  -9.48635089e-03 -7.59919002e-03 -5.16557941e-03  3.94732062e-03
   1.36497206e-02  2.27501045e-02]
 [ 4.50291817e-03  1.41874871e-02 -1.64296754e-02  5.61384646e-03
   1.25035719e-02  2.13691762e-03  6.43007728e-03 -4.95495233e-03
   3.50053352e-03 -1.60314601e-02]
 [ 6.46484566e-03 -1.91787668e-02 -1.12944180e-03  9.30162132e-03
  -1.49287958e-02  2.36266126e-02 -6.76330375e-03 -1.30339808e-02
   1.18927492e-02 -1.35892403e-02]
 [-9.54947274e-03  9.94064653e-03 -1.77362474e-02 -8.31548805e-03
   6.13034405e-03  1.31467461e-03 -1.07426583e-02 -1.54017987e-03
   7.60774053e-03 -1.50441753e-02]
 [-1.64122648e-02 -1.40473986e-02 -5.06076490e-03  2.82953660e-03
   5.08512090e-03  1.84732879e-02 -1.50540385e-03  1.26586951e-03
   1.40750073e-02  9.87418491e-03]
 [ 2.17271895e-02 -8.81330344e-03  1.13342156e-02 -8.14723560e-03
   1.14001214e-02 -1.84522804e-03  1.34700343e-02 -1.52854128e-02
   1.50150451e-02 -2.93627494e-03]
 [ 2.19618482e-02 -7.52855363e-03 -1.57362038e-03 -7.24421501e-03
   4.98677862e-04 -1.60177286e-02 -1.68462784e-03  4.08855263e-03
  -1.94733023e-02 -2.38839245e-03]
 [-1.26966454e-02  6.60616307e-03 -2.33581329e-03  1.07352779e-03
  -1.96648453e-04 -7.79199269e-03 -3.08246231e-03  1.78537040e-02
   2.09972398e-03 -2.26479954e-04]
 [ 3.36608066e-03  2.80015745e-03  2.98963332e-03  1.09547635e-02
   1.70169189e-03  1.76801777e-03 -2.11878682e-02 -8.03474188e-04
  -1.76467130e-03  9.28701630e-03]
 [ 4.48496237e-03  1.42769286e-02 -5.59908723e-03 -2.78559094e-03
   6.80423674e-04 -2.20384860e-02  7.48564788e-03  6.00464254e-03
   1.96530553e-02  2.39211969e-02]
 [-2.23782197e-03  1.85896259e-02  3.81743594e-03 -1.45483973e-03
   9.81889800e-03  2.49623920e-03  1.08323342e-06  2.72705820e-03
  -7.42682304e-03 -8.07021470e-04]
 [-3.43880093e-03  1.67372062e-02  7.75300963e-03 -2.95260218e-03
  -6.51688485e-03 -7.75883165e-03  1.49313426e-03  8.62527980e-03
   8.15594641e-03  6.10189012e-03]
 [ 8.48813571e-03 -9.81575757e-03 -7.94472209e-05 -1.34855311e-02
  -3.53778511e-03  1.92174379e-03  3.90690154e-03 -3.23282485e-03
  -7.69072624e-04 -9.92744540e-03]
 [ 7.71297640e-04 -7.41231850e-03 -5.98829601e-03  3.14275792e-03
   2.20514726e-03  1.94967031e-03  5.54396455e-03  4.16185556e-03
  -5.44499850e-03 -7.31552289e-03]
 [ 1.31426028e-02  1.60557686e-02 -1.54431660e-04  4.46660936e-03
  -3.72332815e-03 -9.17640749e-03 -5.86068180e-03 -5.74474015e-03
   7.41041489e-03 -3.96688096e-03]
 [-4.25627020e-04  9.99939339e-03  6.10509315e-03  5.91109712e-03
   1.40135780e-02  1.26781683e-02  1.29954099e-02  2.50568662e-02
   1.37651038e-02  8.02122129e-03]
 [ 2.77925357e-02  5.08928581e-03 -5.32599573e-04  9.89790841e-04
   2.13852750e-02  1.72663465e-02 -5.39191061e-03  3.57796487e-03
   2.44725621e-02  6.53927904e-04]
 [-3.56485040e-03  5.19384349e-03 -8.47734969e-03  7.08169321e-03
  -2.12932647e-02 -3.30344202e-03 -4.21514320e-03  7.72476053e-03
   3.72603296e-03 -2.91255801e-03]
 [-6.18126185e-04  1.97788979e-04  4.91832048e-03  7.29911317e-04
  -3.79322455e-03 -3.01640878e-03 -8.25705159e-03  3.72854829e-03
   3.84460492e-04 -1.25993026e-02]
 [-2.51314397e-03  7.35293272e-03 -4.93688527e-03 -1.79904912e-03
  -3.30106216e-03 -4.93778515e-03 -1.92497272e-02  5.18313323e-03
   1.75640923e-02  8.81750391e-03]
 [ 6.28620056e-03 -1.10480222e-02  1.13720557e-02 -2.84898017e-03
   1.97095714e-02  1.79453563e-04  7.32481280e-03 -2.21492147e-04
   9.74245129e-03 -1.20222053e-02]
 [-1.01875979e-02 -5.24801941e-03  1.03421540e-02  3.23343667e-03
   1.14389494e-02  1.23055852e-02 -9.72437909e-03  1.19498943e-03
  -6.93323093e-03  8.63182022e-03]
 [ 1.51227553e-02 -5.26421811e-03 -1.28835205e-02  1.34752306e-02
   3.16208000e-03 -3.98203312e-05  1.10338055e-02 -2.67382699e-04
   3.04119922e-03  2.19176909e-02]
 [-3.36481143e-03 -1.87388330e-02  5.53261790e-03 -8.06721337e-03
  -5.57161695e-03 -1.17235419e-02  3.38867986e-03  6.00826948e-03
   1.71355704e-02  2.81967333e-03]
 [ 3.76014048e-03  8.19411371e-03 -8.08492186e-03 -1.45617445e-02
   5.05268615e-03  5.03673391e-03 -2.22034681e-03 -5.06479406e-04
  -2.70433948e-03  4.72103361e-03]
 [-7.20789086e-03  1.12423004e-02 -2.13474986e-02  5.71643805e-03
  -1.65872741e-03 -1.30082626e-03 -7.75683416e-03  4.95395038e-04
   7.35524805e-03 -1.91228000e-03]
 [ 1.99571215e-02 -9.37140622e-03  1.16764966e-02 -2.04221472e-03
   3.16754189e-02 -3.37837210e-03  7.02063460e-04  1.80587487e-02
  -2.43166682e-02  6.75711699e-03]
 [-3.11598580e-03 -1.46822002e-02 -3.27086674e-03  1.23891281e-02
  -7.81078784e-04 -1.59660359e-02  7.50605669e-05 -7.67032434e-03
  -7.10835049e-03 -5.88562085e-03]
 [-4.71379978e-03 -8.40399479e-03  5.28995097e-03 -3.41327899e-03
  -1.40899953e-02  3.09843933e-03  1.60671087e-03  6.97490275e-03
   6.65535522e-03  4.24049876e-03]
 [-7.40568783e-03 -1.91853308e-02  1.14570514e-03 -1.23514558e-02
  -1.36924687e-02 -9.24011365e-03  1.83989117e-03  2.73541109e-03
  -1.88368813e-03 -1.34530887e-03]
 [-1.36022269e-02 -1.33607106e-03  9.23589806e-03  1.65909791e-02
   1.35641711e-02 -1.96339073e-02  1.01456789e-02  2.55850903e-02
  -1.94216662e-03  8.40169874e-04]
 [ 2.96668885e-03 -1.56422284e-02  6.42835740e-03  4.24642995e-03
   7.42715834e-03 -5.75672630e-03 -1.58880428e-02 -1.94144259e-04
   1.35007149e-02  1.08686648e-02]
 [-4.04262009e-03  7.19414464e-03  1.66458988e-03  4.07098619e-03
   3.38047888e-03  8.90912402e-03  5.21744115e-03 -1.80098208e-02
   2.80568890e-03 -3.44677847e-03]
 [-3.56728570e-03 -2.83356849e-03 -6.81853458e-03  4.41386434e-03
  -1.50352060e-02 -2.96781886e-03 -2.56881942e-02  6.36665463e-03
   6.39456537e-03  1.79459523e-02]
 [-6.03358209e-03  1.73693672e-02  1.25193782e-02  5.22869082e-03
   1.80840075e-04 -1.60483222e-02  8.92217483e-03 -1.18254968e-02
   1.93914093e-03  2.15205148e-03]
 [ 5.73656915e-03  1.72017534e-02 -3.45387673e-03 -7.84908856e-03
   1.75391289e-04 -9.62291392e-03  4.71509134e-03 -7.46703368e-03
  -5.32370376e-03 -5.38978198e-03]
 [ 2.15598383e-03 -3.91287405e-03 -6.45470408e-03  1.38902618e-02
  -4.05115742e-03 -3.13036205e-03  1.73946345e-02  7.08302056e-03
  -5.09607818e-03 -3.21908094e-03]
 [-5.39137495e-03 -8.38025060e-03 -1.73280949e-02  4.11147826e-03
   2.49786813e-02 -1.88298296e-03  1.02356781e-02 -5.11260557e-03
   4.42028107e-03  1.57701420e-02]]